Define CharList
 ( 'A', 'B', 'C', 'D', 'E', 'F', 'G', 'H', 'I', 'J', 'K', 'L', 'M', 'N', 'O', 'P',
   'Q', 'R', 'S', 'T', 'U', 'V', 'W', 'X', 'Y', 'Z', 'a', 'b', 'c', 'd', 'e', 'f',
   'g', 'h', 'i', 'j', 'k', 'l', 'm', 'n', 'o', 'p', 'q', 'r', 's', 't', 'u', 'v',
   'w', 'x', 'y', 'z', '0', '1', '2', '3', '4', '5', '6', '7', '8', '9', '~', '`',
   '!', '@', '#', '$', '%', '^', '&', '*', '(', ')', '-', '_', '=', '+', '[', '{',
   ']', '}', ';', ':',"'", '"', ',', '<', '.', '>', '/', '?', '¡', '¢', '£', '¥',
   '§', '©', '®', '¿', 'À', 'Á', 'Â', 'Ã', 'Ä', 'Å', 'Æ', 'Ç', 'È', 'É', 'Ê', 'Ë',
   'Ì', 'Í', 'Î', 'Ï', 'Ð', 'Ñ', 'Ò', 'Ó', 'Ô', 'Õ', 'Ö', 'Ø', 'Ù', 'Ú', 'Û', 'Ü',
   'Ý', 'ß', 'à', 'á', 'â', 'ã', 'ä', 'å', 'æ', 'ç', 'è', 'é', 'ê', 'ë', 'ì', 'í',
   'î', 'ï', 'ð', 'ñ', 'ò', 'ó', 'ô', 'õ', 'ö', 'ø', 'ù', 'ú', 'û', 'ü', 'ý', 'ÿ');

Define WidthList
 (   7,   7,   7,   6,   6,   6,   8,   7,   4,   7,   7,   7,   7,   6,   7,   7,
     7,   8,   6,   8,   6,   7,   8,   6,   5,   6,   5,   5,   4,   5,   5,   6,
     5,   5,   3,   5,   6,   3,   7,   6,   5,   5,   5,   5,   5,   5,   5,   5,
     6,   5,   5,   5,   5,   2,   6,   6,   5,   6,   6,   6,   6,   6,   6,   2,
     3,   7,   8,   6,   8,   5,   5,   6,   4,   4,   5,   6,   6,   6,   4,   6,
     4,   6,   3,   3,   2,   4,   3,   6,   3,   6,   3,   4,   3,   4,   7,   5,
     6,   4,   8,   4,   7,   7,   7,   7,   7,   7,   8,   7,   6,   6,   6,   6,
     4,   4,   4,   4,   8,   8,   7,   7,   7,   7,   7,   7,   6,   6,   6,   6,
     6,   7,   5,   5,   5,   5,   5,   5,   8,   4,   5,   5,   5,   5,   3,   3,
     3,   3,   5,   6,   5,   5,   5,   5,   5,   5,   5,   5,   5,   5,   5,   5);

Define RectList
 ( (   0,  0, 15, 14), (  16,  0, 15, 14), (  32,  0, 15, 14), (  48,  0, 14, 14),
   (  63,  0, 15, 14), (  79,  0, 15, 14), (  95,  0, 16, 14), ( 112,  0, 15, 14),
   ( 128,  0, 11, 14), ( 140,  0, 14, 14), ( 155,  0, 16, 14), ( 172,  0, 15, 14),
   ( 188,  0, 15, 14), ( 204,  0, 14, 14), ( 219,  0, 15, 14), ( 235,  0, 14, 14),
   ( 250,  0, 15, 14), ( 266,  0, 16, 14), ( 283,  0, 14, 14), ( 298,  0, 16, 14),
   ( 315,  0, 14, 14), ( 330,  0, 15, 14), ( 346,  0, 16, 14), ( 363,  0, 14, 14),
   ( 378,  0, 13, 14), ( 392,  0, 14, 14), ( 407,  0, 14, 14), ( 422,  0, 13, 14),
   ( 436,  0, 12, 14), ( 449,  0, 13, 14), ( 463,  0, 13, 14), ( 477,  0, 14, 14),
   ( 492,  0, 13, 14), ( 506,  0, 14, 14), ( 521,  0, 11, 14), ( 533,  0, 13, 14),
   ( 547,  0, 14, 14), ( 562,  0, 10, 14), ( 573,  0, 15, 14), ( 589,  0, 14, 14),
   ( 604,  0, 13, 14), ( 618,  0, 13, 14), ( 632,  0, 13, 14), ( 646,  0, 13, 14),
   ( 660,  0, 13, 14), ( 674,  0, 14, 14), ( 689,  0, 13, 14), ( 703,  0, 13, 14),
   ( 717,  0, 14, 14), ( 732,  0, 13, 14), ( 746,  0, 13, 14), ( 760,  0, 13, 14),
   ( 774,  0, 13, 14), ( 788,  0, 10, 14), ( 799,  0, 14, 14), ( 814,  0, 14, 14),
   ( 829,  0, 13, 14), ( 843,  0, 14, 14), ( 858,  0, 14, 14), ( 873,  0, 14, 14),
   ( 888,  0, 14, 14), ( 903,  0, 13, 14), ( 917,  0, 14, 14), ( 932,  0, 12, 14),
   ( 945,  0, 11, 14), ( 957,  0, 15, 14), ( 973,  0, 16, 14), ( 990,  0, 16, 14),
   (1007,  0, 15, 14), (1023,  0, 15, 14), (1039,  0, 12, 14), (1052,  0, 14, 14),
   (1067,  0, 11, 14), (1079,  0, 11, 14), (1091,  0, 13, 14), (1105,  0, 14, 14),
   (1120,  0, 13, 14), (1134,  0, 13, 14), (1148,  0, 13, 14), (1162,  0, 13, 14),
   (1176,  0, 13, 14), (1190,  0, 13, 14), (1204,  0, 11, 14), (1216,  0, 11, 14),
   (1228,  0, 10, 14), (1239,  0, 12, 14), (1252,  0, 10, 14), (1263,  0, 14, 14),
   (1278,  0, 10, 14), (1289,  0, 14, 14), (1304,  0, 12, 14), (1317,  0, 12, 14),
   (1330,  0, 13, 14), (1344,  0, 14, 14), (1359,  0, 19, 14), (1379,  0, 15, 14),
   (1395,  0, 16, 14), (1412,  0, 14, 14), (1427,  0, 20, 14), (1448,  0, 14, 14),
   (1463,  0, 19, 14), (1483,  0, 19, 14), (1503,  0, 19, 14), (1523,  0, 19, 14),
   (1543,  0, 19, 14), (1563,  0, 19, 14), (1583,  0, 20, 14), (1604,  0, 19, 14),
   (1624,  0, 19, 14), (1644,  0, 19, 14), (1664,  0, 19, 14), (1684,  0, 19, 14),
   (1704,  0, 13, 14), (1718,  0, 13, 14), (1732,  0, 13, 14), (1746,  0, 13, 14),
   (1760,  0, 20, 14), (1781,  0, 20, 14), (1802,  0, 19, 14), (1822,  0, 19, 14),
   (1842,  0, 19, 14), (1862,  0, 19, 14), (1882,  0, 19, 14), (1902,  0, 19, 14),
   (1922,  0, 16, 14), (1939,  0, 16, 14), (1956,  0, 16, 14), (1973,  0, 16, 14),
   (1990,  0, 16, 14), (2007,  0, 19, 14), (2027,  0, 16, 14), (2044,  0, 16, 14),
   (2061,  0, 16, 14), (2078,  0, 16, 14), (2095,  0, 16, 14), (2112,  0, 16, 14),
   (2129,  0, 20, 14), (2150,  0, 14, 14), (2165,  0, 15, 14), (2181,  0, 15, 14),
   (2197,  0, 15, 14), (2213,  0, 15, 14), (2229,  0, 13, 14), (2243,  0, 13, 14),
   (2257,  0, 13, 14), (2271,  0, 13, 14), (2285,  0, 15, 14), (2301,  0, 16, 14),
   (2318,  0, 15, 14), (2334,  0, 15, 14), (2350,  0, 15, 14), (2366,  0, 15, 14),
   (2382,  0, 15, 14), (2398,  0, 15, 14), (2414,  0, 15, 14), (2430,  0, 15, 14),
   (2446,  0, 15, 14), (2462,  0, 15, 14), (2478,  0, 15, 14), (2494,  0, 15, 14));

Define OffsetList
 ( (-4, 0), (-4, 0), (-4, 0), (-4, 0), (-4, 0), (-4, 0), (-4, 0), (-4, 0),
   (-4, 0), (-4, 0), (-4, 0), (-4, 0), (-4, 0), (-4, 0), (-4, 0), (-4, 0),
   (-4, 0), (-4, 0), (-4, 0), (-4, 0), (-4, 0), (-4, 0), (-4, 0), (-4, 0),
   (-4, 0), (-4, 0), (-4, 0), (-4, 0), (-4, 0), (-4, 0), (-4, 0), (-4, 0),
   (-4, 0), (-4, 0), (-4, 0), (-4, 0), (-4, 0), (-4, 0), (-4, 0), (-4, 0),
   (-4, 0), (-4, 0), (-4, 0), (-4, 0), (-4, 0), (-4, 0), (-4, 0), (-4, 0),
   (-4, 0), (-4, 0), (-4, 0), (-4, 0), (-4, 0), (-4, 0), (-4, 0), (-4, 0),
   (-4, 0), (-4, 0), (-4, 0), (-4, 0), (-4, 0), (-4, 0), (-4, 0), (-5, 0),
   (-4, 0), (-4, 0), (-4, 0), (-5, 0), (-3, 0), (-5, 0), (-3, 0), (-4, 0),
   (-3, 0), (-4, 0), (-4, 0), (-4, 0), (-4, 0), (-4, 0), (-4, 0), (-3, 0),
   (-5, 0), (-4, 0), (-4, 0), (-4, 0), (-4, 0), (-4, 0), (-3, 0), (-4, 0),
   (-3, 0), (-4, 0), (-4, 0), (-4, 0), (-5, 0), (-5, 0), (-6, 0), (-5, 0),
   (-5, 0), (-5, 0), (-6, 0), (-5, 0), (-6, 0), (-6, 0), (-6, 0), (-6, 0),
   (-6, 0), (-6, 0), (-6, 0), (-6, 0), (-6, 0), (-6, 0), (-6, 0), (-6, 0),
   (-5, 0), (-5, 0), (-5, 0), (-5, 0), (-6, 0), (-6, 0), (-6, 0), (-6, 0),
   (-6, 0), (-6, 0), (-6, 0), (-6, 0), (-5, 0), (-5, 0), (-5, 0), (-5, 0),
   (-5, 0), (-6, 0), (-5, 0), (-5, 0), (-5, 0), (-5, 0), (-5, 0), (-5, 0),
   (-6, 0), (-5, 0), (-5, 0), (-5, 0), (-5, 0), (-5, 0), (-5, 0), (-5, 0),
   (-5, 0), (-5, 0), (-5, 0), (-5, 0), (-5, 0), (-5, 0), (-5, 0), (-5, 0),
   (-5, 0), (-5, 0), (-5, 0), (-5, 0), (-5, 0), (-5, 0), (-5, 0), (-5, 0));

CreateLayer               Main;
LayerSetImage             Main 'Briannetod9';
LayerSetAscent            Main 11;
LayerSetCharWidths        Main CharList WidthList;
LayerSetCharWidths        Main (' ') (3);
LayerSetImageMap          Main CharList RectList;
LayerSetCharOffsets       Main CharList OffsetList;
LayerSetAscentPadding     Main 0;
LayerSetLineSpacingOffset Main 0;
LayerSetPointSize         Main 9;

SetDefaultPointSize  9;
